[gd_scene load_steps=7 format=3 uid="uid://dylxy21qgcxxv"]

[ext_resource type="PackedScene" uid="uid://hk5oalaudnha" path="res://Entities/Units/unit.tscn" id="1_b2dbv"]
[ext_resource type="PackedScene" uid="uid://b4t8pujatv061" path="res://Entities/Camera/camera.tscn" id="2_q101i"]
[ext_resource type="Script" uid="uid://4mdxbsvgtcfb" path="res://Utils/Mouse.cs" id="3_or46v"]

[sub_resource type="BoxMesh" id="BoxMesh_fj7yv"]
size = Vector3(20, 0.5, 20)

[sub_resource type="BoxShape3D" id="BoxShape3D_tlwt5"]
size = Vector3(100, 0.5, 100)

[sub_resource type="CSharpScript" id="CSharpScript_tlwt5"]
script/source = "using Godot;

public partial class MaterialManager : Node3D
{

	public StandardMaterial3D Selected { get; set; }
	public StandardMaterial3D Unselected { get; set; }

	public override void _Ready()
	{
		Selected = GD.Load<StandardMaterial3D>(\"res://materials/Selected.tres\");
		Unselected = GD.Load<StandardMaterial3D>(\"res://materials/Unselected.tres\");
	}
}
"

[node name="World" type="Node3D"]

[node name="Ground" type="StaticBody3D" parent="."]
transform = Transform3D(1, 0, 0, 0, 1, 0, 0, 0, 1, 0, 0.2, 0)
metadata/_edit_group_ = true

[node name="MeshInstance3D" type="MeshInstance3D" parent="Ground"]
mesh = SubResource("BoxMesh_fj7yv")

[node name="CollisionShape3D" type="CollisionShape3D" parent="Ground"]
shape = SubResource("BoxShape3D_tlwt5")

[node name="DirectionalLight3D" type="DirectionalLight3D" parent="."]
transform = Transform3D(1, 0, 0, 0, 0.836736, 0.547607, 0, -0.547607, 0.836736, 0, 6.52424, 0)

[node name="Unit" parent="." instance=ExtResource("1_b2dbv")]
transform = Transform3D(0.975741, 0, -0.218927, 0, 1, 0, 0.218927, 0, 0.975741, 0, 0.937304, 0)

[node name="Unit3" parent="." instance=ExtResource("1_b2dbv")]
transform = Transform3D(0.806202, 0.56331, -0.180888, -0.549644, 0.826246, 0.123324, 0.218927, 0, 0.975741, 0, 4.86766, 0)

[node name="Unit2" parent="." instance=ExtResource("1_b2dbv")]
transform = Transform3D(0.913801, 0, 0.406163, 0, 1, 0, -0.406163, 0, 0.913801, 1.55592, 0.937304, 0)

[node name="Camera" parent="." instance=ExtResource("2_q101i")]

[node name="MouseManager" type="Control" parent="."]
layout_mode = 3
anchors_preset = 0
offset_right = 40.0
offset_bottom = 40.0
script = ExtResource("3_or46v")

[node name="MaterialManager" type="Node3D" parent="."]
script = SubResource("CSharpScript_tlwt5")
