[gd_scene load_steps=10 format=3 uid="uid://dylxy21qgcxxv"]

[ext_resource type="PackedScene" uid="uid://b4t8pujatv061" path="res://Entities/Camera/camera.tscn" id="2_q101i"]
[ext_resource type="PackedScene" uid="uid://yd0x5g7600ta" path="res://Entities/Units/tank_gen_1.tscn" id="3_b2dbv"]
[ext_resource type="PackedScene" uid="uid://cnk0x7l6d7sjt" path="res://Entities/Units/artillery.tscn" id="3_q101i"]
[ext_resource type="PackedScene" uid="uid://bsqwqnw4t18r4" path="res://Entities/Units/tank_gen_2.tscn" id="4_q101i"]

[sub_resource type="NavigationMesh" id="NavigationMesh_q101i"]
vertices = PackedVector3Array(-48.25, 0.75, 0.249992, -25.5, 0.75, 0.249992, -24.25, 0.75, -3.00001, -22.25, 0.75, -4.25001, -22.25, 0.75, -48.25, -48.25, 0.75, -48.25, -17, 0.75, -2.25001, -16.25, 0.75, -1.50001, -16, 0.75, -0.250008, 48.25, 0.75, -0.250008, 48.25, 0.75, -48.25, -17.25, 0.75, 3.24999, -19, 0.75, 4.24999, -19, 0.75, 48.25, 48.25, 0.75, 48.25, -24.25, 0.75, 2.24999, -48.25, 0.75, 48.25)
polygons = [PackedInt32Array(2, 1, 0), PackedInt32Array(2, 0, 3), PackedInt32Array(3, 0, 4), PackedInt32Array(4, 0, 5), PackedInt32Array(6, 3, 4), PackedInt32Array(7, 6, 4), PackedInt32Array(7, 4, 8), PackedInt32Array(8, 4, 9), PackedInt32Array(9, 4, 10), PackedInt32Array(13, 12, 11), PackedInt32Array(11, 8, 13), PackedInt32Array(13, 8, 9), PackedInt32Array(13, 9, 14), PackedInt32Array(0, 1, 15), PackedInt32Array(15, 12, 0), PackedInt32Array(0, 12, 13), PackedInt32Array(0, 13, 16)]
agent_height = 1.0
agent_radius = 1.6

[sub_resource type="BoxMesh" id="BoxMesh_or46v"]
size = Vector3(100, 0.5, 100)

[sub_resource type="BoxShape3D" id="BoxShape3D_ns7qj"]
size = Vector3(100, 0.5, 100)

[sub_resource type="BoxMesh" id="BoxMesh_q101i"]
size = Vector3(3, 2, 5)

[sub_resource type="BoxShape3D" id="BoxShape3D_or46v"]
size = Vector3(3, 2, 5)

[node name="World" type="Node3D"]

[node name="DirectionalLight3D" type="DirectionalLight3D" parent="."]
transform = Transform3D(1, 0, 0, 0, 0.836736, 0.547607, 0, -0.547607, 0.836736, 0, 6.52424, 0)

[node name="Camera" parent="." instance=ExtResource("2_q101i")]
visible = false

[node name="Units" type="Node3D" parent="."]

[node name="TankGen1_1" parent="Units" instance=ExtResource("3_b2dbv")]
transform = Transform3D(-0.876538, -0.00114152, 0.481331, -0.00078995, 0.999999, 0.000933035, -0.481331, 0.000437605, -0.876539, 14.1814, 0.0572224, -0.552988)

[node name="TankGen1_2" parent="Units" instance=ExtResource("3_b2dbv")]
transform = Transform3D(-0.99995, -0.000799174, 0.00991943, -0.00078995, 0.999999, 0.000933035, -0.00992015, 0.000925146, -0.99995, -2.21172, 0.033062, -0.0329399)

[node name="TankGen1_6" parent="Units" instance=ExtResource("3_b2dbv")]
transform = Transform3D(-0.99995, -0.000799174, 0.00991943, -0.00078995, 0.999999, 0.000933035, -0.00992015, 0.000925146, -0.99995, 0.40606, 0.0317745, 3.61965)

[node name="TankGen1_3" parent="Units" instance=ExtResource("3_b2dbv")]
transform = Transform3D(-0.942603, -0.000433063, -0.333916, -0.00078995, 0.999999, 0.000933035, 0.333915, 0.00114325, -0.942602, 0.41884, 0.033062, -0.0329399)

[node name="TankGen1_5" parent="Units" instance=ExtResource("3_b2dbv")]
transform = Transform3D(-0.942603, -0.000433063, -0.333916, -0.00078995, 0.999999, 0.000933035, 0.333915, 0.00114325, -0.942602, -2.56874, 0.0271464, 4.01033)

[node name="TankGen1_4" parent="Units" instance=ExtResource("3_b2dbv")]
transform = Transform3D(-0.942603, -0.000433063, -0.333916, -0.00078995, 0.999999, 0.000933035, 0.333915, 0.00114325, -0.942602, -5.32476, 0.0301867, 0.306532)

[node name="TankGen1_7" parent="Units" instance=ExtResource("3_b2dbv")]
transform = Transform3D(-0.99995, -0.000799174, 0.00991943, -0.00078995, 0.999999, 0.000933035, -0.00992015, 0.000925146, -0.99995, -10.5988, 0.0263984, -0.0751348)

[node name="TankGen1_8" parent="Units" instance=ExtResource("3_b2dbv")]
transform = Transform3D(-0.99995, -0.000799174, 0.00991943, -0.00078995, 0.999999, 0.000933035, -0.00992015, 0.000925146, -0.99995, -7.98098, 0.0251109, 3.57746)

[node name="TankGen1_9" parent="Units" instance=ExtResource("3_b2dbv")]
transform = Transform3D(-0.942603, -0.000433063, -0.333916, -0.00078995, 0.999999, 0.000933035, 0.333915, 0.00114325, -0.942602, -4.70656, 0.0241973, 5.77918)

[node name="TankGen1_10" parent="Units" instance=ExtResource("3_b2dbv")]
transform = Transform3D(-0.942603, -0.000433063, -0.333916, -0.00078995, 0.999999, 0.000933035, 0.333915, 0.00114325, -0.942602, -10.4607, 0.0204827, 6.84955)

[node name="TankGen1_11" parent="Units" instance=ExtResource("3_b2dbv")]
transform = Transform3D(-0.942603, -0.000433063, -0.333916, -0.00078995, 0.999999, 0.000933035, 0.333915, 0.00114325, -0.942602, -13.2167, 0.0235231, 3.14575)

[node name="TankGen1_12" parent="Units" instance=ExtResource("3_b2dbv")]
transform = Transform3D(-0.99995, -0.000799174, 0.00991943, -0.00078995, 0.999999, 0.000933035, -0.00992015, 0.000925146, -0.99995, -3.42192, 0.033062, 9.55568)

[node name="TankGen1_13" parent="Units" instance=ExtResource("3_b2dbv")]
transform = Transform3D(-0.99995, -0.000799174, 0.00991943, -0.00078995, 0.999999, 0.000933035, -0.00992015, 0.000925146, -0.99995, -0.804135, 0.0317745, 13.2083)

[node name="TankGen1_14" parent="Units" instance=ExtResource("3_b2dbv")]
transform = Transform3D(-0.942603, -0.000433063, -0.333916, -0.00078995, 0.999999, 0.000933035, 0.333915, 0.00114325, -0.942602, -0.791355, 0.033062, 9.55568)

[node name="TankGen1_15" parent="Units" instance=ExtResource("3_b2dbv")]
transform = Transform3D(-0.942603, -0.000433063, -0.333916, -0.00078995, 0.999999, 0.000933035, 0.333915, 0.00114325, -0.942602, -3.77893, 0.0271464, 13.599)

[node name="TankGen1_16" parent="Units" instance=ExtResource("3_b2dbv")]
transform = Transform3D(-0.942603, -0.000433063, -0.333916, -0.00078995, 0.999999, 0.000933035, 0.333915, 0.00114325, -0.942602, -6.53496, 0.0301867, 9.89515)

[node name="TankGen1_17" parent="Units" instance=ExtResource("3_b2dbv")]
transform = Transform3D(-0.99995, -0.000799174, 0.00991943, -0.00078995, 0.999999, 0.000933035, -0.00992015, 0.000925146, -0.99995, -11.809, 0.0263984, 9.51348)

[node name="TankGen1_18" parent="Units" instance=ExtResource("3_b2dbv")]
transform = Transform3D(-0.99995, -0.000799174, 0.00991943, -0.00078995, 0.999999, 0.000933035, -0.00992015, 0.000925146, -0.99995, -9.19118, 0.0251109, 13.1661)

[node name="TankGen1_19" parent="Units" instance=ExtResource("3_b2dbv")]
transform = Transform3D(-0.942603, -0.000433063, -0.333916, -0.00078995, 0.999999, 0.000933035, 0.333915, 0.00114325, -0.942602, -5.91676, 0.0241973, 15.3678)

[node name="TankGen1_20" parent="Units" instance=ExtResource("3_b2dbv")]
transform = Transform3D(-0.942603, -0.000433063, -0.333916, -0.00078995, 0.999999, 0.000933035, 0.333915, 0.00114325, -0.942602, -11.6709, 0.0204827, 16.4382)

[node name="TankGen1_21" parent="Units" instance=ExtResource("3_b2dbv")]
transform = Transform3D(-0.942603, -0.000433063, -0.333916, -0.00078995, 0.999999, 0.000933035, 0.333915, 0.00114325, -0.942602, -14.4269, 0.0235231, 12.7344)

[node name="TankGen1_22" parent="Units" instance=ExtResource("3_b2dbv")]
transform = Transform3D(-0.99995, -0.000799174, 0.00991943, -0.00078995, 0.999999, 0.000933035, -0.00992015, 0.000925146, -0.99995, -19.983, 0.033062, 8.33549)

[node name="TankGen1_23" parent="Units" instance=ExtResource("3_b2dbv")]
transform = Transform3D(-0.99995, -0.000799174, 0.00991943, -0.00078995, 0.999999, 0.000933035, -0.00992015, 0.000925146, -0.99995, -17.3652, 0.0317745, 11.9881)

[node name="TankGen1_24" parent="Units" instance=ExtResource("3_b2dbv")]
transform = Transform3D(-0.942603, -0.000433063, -0.333916, -0.00078995, 0.999999, 0.000933035, 0.333915, 0.00114325, -0.942602, -17.3524, 0.033062, 8.33549)

[node name="TankGen1_25" parent="Units" instance=ExtResource("3_b2dbv")]
transform = Transform3D(-0.942603, -0.000433063, -0.333916, -0.00078995, 0.999999, 0.000933035, 0.333915, 0.00114325, -0.942602, -20.34, 0.0271464, 12.3788)

[node name="TankGen1_26" parent="Units" instance=ExtResource("3_b2dbv")]
transform = Transform3D(-0.942603, -0.000433063, -0.333916, -0.00078995, 0.999999, 0.000933035, 0.333915, 0.00114325, -0.942602, -23.096, 0.0301867, 8.67496)

[node name="TankGen1_27" parent="Units" instance=ExtResource("3_b2dbv")]
transform = Transform3D(-0.99995, -0.000799174, 0.00991943, -0.00078995, 0.999999, 0.000933035, -0.00992015, 0.000925146, -0.99995, -28.3701, 0.0263984, 8.29329)

[node name="TankGen1_28" parent="Units" instance=ExtResource("3_b2dbv")]
transform = Transform3D(-0.99995, -0.000799174, 0.00991943, -0.00078995, 0.999999, 0.000933035, -0.00992015, 0.000925146, -0.99995, -25.7522, 0.0251109, 11.9459)

[node name="TankGen1_29" parent="Units" instance=ExtResource("3_b2dbv")]
transform = Transform3D(-0.942603, -0.000433063, -0.333916, -0.00078995, 0.999999, 0.000933035, 0.333915, 0.00114325, -0.942602, -22.4778, 0.0241973, 14.1476)

[node name="TankGen1_30" parent="Units" instance=ExtResource("3_b2dbv")]
transform = Transform3D(-0.942603, -0.000433063, -0.333916, -0.00078995, 0.999999, 0.000933035, 0.333915, 0.00114325, -0.942602, -28.232, 0.0204827, 15.218)

[node name="TankGen1_31" parent="Units" instance=ExtResource("3_b2dbv")]
transform = Transform3D(-0.942603, -0.000433063, -0.333916, -0.00078995, 0.999999, 0.000933035, 0.333915, 0.00114325, -0.942602, -30.988, 0.0235231, 11.5142)

[node name="Artillery" parent="Units" instance=ExtResource("3_q101i")]
transform = Transform3D(-0.934602, 0, -0.355694, 0, 1, 0, 0.355694, 0, -0.934602, 19.1532, 0, -7.67288)

[node name="TankGen2_1" parent="Units" instance=ExtResource("4_q101i")]
transform = Transform3D(-0.873551, 0, 0.486732, 0, 1, 0, -0.486732, 0, -0.873551, 13.8044, 0, -7.58137)

[node name="NavigationRegion3D" type="NavigationRegion3D" parent="."]
transform = Transform3D(0.999999, 0.00108621, -0.000985348, -0.00108915, 0.999995, -0.00299312, 0.0009821, 0.00299419, 0.999995, 0, -0.25, 0)
navigation_mesh = SubResource("NavigationMesh_q101i")
metadata/_edit_group_ = true

[node name="Ground" type="StaticBody3D" parent="NavigationRegion3D"]
metadata/_edit_group_ = true

[node name="MeshInstance3D" type="MeshInstance3D" parent="NavigationRegion3D/Ground"]
mesh = SubResource("BoxMesh_or46v")

[node name="CollisionShape3D" type="CollisionShape3D" parent="NavigationRegion3D/Ground"]
shape = SubResource("BoxShape3D_ns7qj")

[node name="Building" type="StaticBody3D" parent="NavigationRegion3D"]
transform = Transform3D(0.381038, 0, 0.924559, 0, 1, 0, -0.924559, 0, 0.381038, -20.6912, 0, 0)
metadata/_edit_group_ = true

[node name="MeshInstance3D" type="MeshInstance3D" parent="NavigationRegion3D/Building"]
transform = Transform3D(1, 0, 0, 0, 1, 0, 0, 0, 1, 0, 1.02004, 0)
mesh = SubResource("BoxMesh_q101i")

[node name="CollisionShape3D" type="CollisionShape3D" parent="NavigationRegion3D/Building"]
transform = Transform3D(1, 0, 0, 0, 1, 0, 0, 0, 1, 0, 1.03878, 0)
shape = SubResource("BoxShape3D_or46v")
