[gd_scene load_steps=10 format=3 uid="uid://dylxy21qgcxxv"]

[ext_resource type="PackedScene" uid="uid://b4t8pujatv061" path="res://Entities/Camera/camera.tscn" id="2_q101i"]
[ext_resource type="PackedScene" uid="uid://yd0x5g7600ta" path="res://Entities/Units/tank_gen_1.tscn" id="3_b2dbv"]
[ext_resource type="PackedScene" uid="uid://cnk0x7l6d7sjt" path="res://Entities/Units/artillery.tscn" id="3_q101i"]
[ext_resource type="PackedScene" uid="uid://bsqwqnw4t18r4" path="res://Entities/Units/tank_gen_2.tscn" id="4_q101i"]

[sub_resource type="NavigationMesh" id="NavigationMesh_q101i"]
vertices = PackedVector3Array(-99.556, 0.502761, 0.193993, -24.306, 0.502761, 0.193993, -23.056, 0.502761, -2.80601, -22.306, 0.502761, -3.05601, -22.306, 0.502761, -99.556, -99.556, 0.502761, -99.556, -17.806, 0.502761, -1.30601, -17.306, 0.502761, -0.0560074, 99.444, 0.502761, -0.0560074, 99.444, 0.502761, -99.556, -19.806, 2.50276, 1.69399, -19.056, 2.50276, 1.69399, -18.306, 2.50276, -0.0560074, -22.306, 2.50276, -1.80601, -23.056, 2.50276, -0.0560074, -21.556, 0.502761, -1.30601, -22.556, 0.502761, -0.556007, -22.556, 0.502761, 0.193993, -19.556, 0.502761, 1.44399, -18.806, 0.502761, 0.443993, -19.056, 0.502761, -0.306007, -18.056, 0.502761, 2.44399, -19.056, 0.502761, 2.94399, -19.056, 0.502761, 99.444, 99.444, 0.502761, 99.444, -23.806, 0.502761, 1.19399, -99.556, 0.502761, 99.444)
polygons = [PackedInt32Array(2, 1, 0), PackedInt32Array(2, 0, 3), PackedInt32Array(3, 0, 4), PackedInt32Array(4, 0, 5), PackedInt32Array(6, 3, 4), PackedInt32Array(6, 4, 7), PackedInt32Array(7, 4, 8), PackedInt32Array(8, 4, 9), PackedInt32Array(11, 10, 12), PackedInt32Array(12, 10, 14), PackedInt32Array(12, 14, 13), PackedInt32Array(16, 15, 17), PackedInt32Array(17, 15, 20), PackedInt32Array(17, 20, 19), PackedInt32Array(17, 19, 18), PackedInt32Array(23, 22, 21), PackedInt32Array(21, 7, 23), PackedInt32Array(23, 7, 8), PackedInt32Array(23, 8, 24), PackedInt32Array(0, 1, 25), PackedInt32Array(25, 22, 0), PackedInt32Array(0, 22, 23), PackedInt32Array(0, 23, 26)]
agent_height = 1.0
agent_radius = 1.6

[sub_resource type="BoxMesh" id="BoxMesh_fj7yv"]
size = Vector3(100, 0.5, 100)

[sub_resource type="BoxShape3D" id="BoxShape3D_tlwt5"]
size = Vector3(200, 0.5, 200)

[sub_resource type="BoxMesh" id="BoxMesh_q101i"]
size = Vector3(3, 2, 5)

[sub_resource type="BoxShape3D" id="BoxShape3D_or46v"]
size = Vector3(3, 2, 5)

[node name="World" type="Node3D"]

[node name="DirectionalLight3D" type="DirectionalLight3D" parent="."]
transform = Transform3D(1, 0, 0, 0, 0.836736, 0.547607, 0, -0.547607, 0.836736, 0, 6.52424, 0)

[node name="Camera" parent="." instance=ExtResource("2_q101i")]

[node name="Units" type="Node3D" parent="."]

[node name="TankGen1_1" parent="Units" instance=ExtResource("3_b2dbv")]
transform = Transform3D(-0.876538, -0.00114152, 0.481331, -0.00078995, 0.999999, 0.000933035, -0.481331, 0.000437605, -0.876539, 14.1814, 0.0572224, -0.552988)

[node name="TankGen1_2" parent="Units" instance=ExtResource("3_b2dbv")]
transform = Transform3D(-0.99995, -0.000799174, 0.00991943, -0.00078995, 0.999999, 0.000933035, -0.00992015, 0.000925146, -0.99995, -2.21172, 0.033062, -0.0329399)

[node name="TankGen1_6" parent="Units" instance=ExtResource("3_b2dbv")]
transform = Transform3D(-0.99995, -0.000799174, 0.00991943, -0.00078995, 0.999999, 0.000933035, -0.00992015, 0.000925146, -0.99995, 0.40606, 0.0317745, 3.61965)

[node name="TankGen1_3" parent="Units" instance=ExtResource("3_b2dbv")]
transform = Transform3D(-0.942603, -0.000433063, -0.333916, -0.00078995, 0.999999, 0.000933035, 0.333915, 0.00114325, -0.942602, 0.41884, 0.033062, -0.0329399)

[node name="TankGen1_5" parent="Units" instance=ExtResource("3_b2dbv")]
transform = Transform3D(-0.942603, -0.000433063, -0.333916, -0.00078995, 0.999999, 0.000933035, 0.333915, 0.00114325, -0.942602, -2.56874, 0.0271464, 4.01033)

[node name="TankGen1_4" parent="Units" instance=ExtResource("3_b2dbv")]
transform = Transform3D(-0.942603, -0.000433063, -0.333916, -0.00078995, 0.999999, 0.000933035, 0.333915, 0.00114325, -0.942602, -5.32476, 0.0301867, 0.306532)

[node name="TankGen1_7" parent="Units" instance=ExtResource("3_b2dbv")]
transform = Transform3D(-0.99995, -0.000799174, 0.00991943, -0.00078995, 0.999999, 0.000933035, -0.00992015, 0.000925146, -0.99995, -10.5988, 0.0263984, -0.0751348)

[node name="TankGen1_8" parent="Units" instance=ExtResource("3_b2dbv")]
transform = Transform3D(-0.99995, -0.000799174, 0.00991943, -0.00078995, 0.999999, 0.000933035, -0.00992015, 0.000925146, -0.99995, -7.98098, 0.0251109, 3.57746)

[node name="TankGen1_9" parent="Units" instance=ExtResource("3_b2dbv")]
transform = Transform3D(-0.942603, -0.000433063, -0.333916, -0.00078995, 0.999999, 0.000933035, 0.333915, 0.00114325, -0.942602, -4.70656, 0.0241973, 5.77918)

[node name="TankGen1_10" parent="Units" instance=ExtResource("3_b2dbv")]
transform = Transform3D(-0.942603, -0.000433063, -0.333916, -0.00078995, 0.999999, 0.000933035, 0.333915, 0.00114325, -0.942602, -10.4607, 0.0204827, 6.84955)

[node name="TankGen1_11" parent="Units" instance=ExtResource("3_b2dbv")]
transform = Transform3D(-0.942603, -0.000433063, -0.333916, -0.00078995, 0.999999, 0.000933035, 0.333915, 0.00114325, -0.942602, -13.2167, 0.0235231, 3.14575)

[node name="Artillery" parent="Units" instance=ExtResource("3_q101i")]
transform = Transform3D(-0.934602, 0, -0.355694, 0, 1, 0, 0.355694, 0, -0.934602, 19.1532, 0, -7.67288)

[node name="TankGen2_1" parent="Units" instance=ExtResource("4_q101i")]
transform = Transform3D(-0.873551, 0, 0.486732, 0, 1, 0, -0.486732, 0, -0.873551, 13.8044, 0, -7.58137)

[node name="NavigationRegion3D" type="NavigationRegion3D" parent="."]
transform = Transform3D(0.999914, 0.0114452, -0.00640424, -0.011436, 0.999934, 0.00147955, 0.00642075, -0.00140618, 0.999978, -0.00223494, 0.0302219, -5.72205e-05)
navigation_mesh = SubResource("NavigationMesh_q101i")

[node name="Ground" type="StaticBody3D" parent="NavigationRegion3D"]
transform = Transform3D(1.00056, 0, 0, 0, 1.00056, 0, 0, 0, 1.00056, 0, -0.247099, 0)
metadata/_edit_group_ = true

[node name="MeshInstance3D" type="MeshInstance3D" parent="NavigationRegion3D/Ground"]
mesh = SubResource("BoxMesh_fj7yv")

[node name="CollisionShape3D" type="CollisionShape3D" parent="NavigationRegion3D/Ground"]
shape = SubResource("BoxShape3D_tlwt5")

[node name="Building" type="StaticBody3D" parent="NavigationRegion3D"]
transform = Transform3D(0.381038, 0, 0.924559, 0, 1, 0, -0.924559, 0, 0.381038, -20.6912, 0, 0)
metadata/_edit_group_ = true

[node name="MeshInstance3D" type="MeshInstance3D" parent="NavigationRegion3D/Building"]
transform = Transform3D(1, 0, 0, 0, 1, 0, 0, 0, 1, 0, 1.02004, 0)
mesh = SubResource("BoxMesh_q101i")

[node name="CollisionShape3D" type="CollisionShape3D" parent="NavigationRegion3D/Building"]
transform = Transform3D(1, 0, 0, 0, 1, 0, 0, 0, 1, 0, 1.03878, 0)
shape = SubResource("BoxShape3D_or46v")
