[gd_scene load_steps=4 format=3 uid="uid://c6nban7o7nbxp"]

[ext_resource type="Script" uid="uid://bh2nj35j2nfkv" path="res://Scripts/Structures/StructureBase.cs" id="1_fgyi3"]
[ext_resource type="PackedScene" uid="uid://by3j44aquklsd" path="res://Assets/Models/Structures/Garage/Garage.glb" id="1_s1wbf"]

[sub_resource type="BoxShape3D" id="BoxShape3D_s1wbf"]
size = Vector3(6.28, 3.47281, 8.47816)

[node name="Garage" type="StaticBody3D"]
script = ExtResource("1_fgyi3")
Energy = -50
Cost = 1250
BuildTime = 3

[node name="CollisionShape3D" type="CollisionShape3D" parent="."]
transform = Transform3D(1, 0, 0, 0, 1, 0, 0, 0, 1, 0, 1.73916, 0.356755)
shape = SubResource("BoxShape3D_s1wbf")

[node name="Model" parent="." instance=ExtResource("1_s1wbf")]
transform = Transform3D(2.41, 0, 0, 0, 2.41, 0, 0, 0, 2.41, 0, 1.53338, 0)

[node name="Cube_004" parent="Model" index="4"]
transform = Transform3D(0, 0.00399777, 0.0136783, 0.259906, 8.1529e-10, -2.38285e-10, -1.54916e-08, 0.0136783, -0.00399777, 0.490817, -0.265454, 1.25676)

[node name="SpotLight3D" type="SpotLight3D" parent="."]
transform = Transform3D(1, 0, 0, 0, -0.435388, 0.900243, 0, -0.900243, -0.435388, 0, 1.8174, 3.03446)
light_color = Color(0.846419, 0.637212, 0.154263, 1)
light_specular = 2.202
light_bake_mode = 1
spot_range = 2.041
spot_attenuation = 0.86
spot_angle = 86.17
spot_angle_attenuation = 0.683022

[node name="SpotLight3D3" type="SpotLight3D" parent="."]
transform = Transform3D(1, 0, 0, 0, -0.435388, 0.900243, 0, -0.900243, -0.435388, 0.510072, 1.8174, 3.03446)
light_color = Color(0.846419, 0.637212, 0.154263, 1)
light_specular = 2.202
light_bake_mode = 1
spot_range = 2.041
spot_attenuation = 0.86
spot_angle = 86.17
spot_angle_attenuation = 0.683022

[node name="SpotLight3D2" type="SpotLight3D" parent="."]
transform = Transform3D(1, 0, 0, 0, -0.435388, 0.900243, 0, -0.900243, -0.435388, -0.587537, 1.8174, 3.03446)
light_color = Color(0.846419, 0.637212, 0.154263, 1)
light_specular = 2.202
light_bake_mode = 1
spot_range = 2.041
spot_attenuation = 0.86
spot_angle = 86.17
spot_angle_attenuation = 0.683022

[node name="LightmapGI" type="LightmapGI" parent="."]
transform = Transform3D(1, 0, 0, 0, 1, 0, 0, 0, 1, 0, 1.04582, 3.25467)

[editable path="Model"]
